walls: ((120, 765), (77, 336)) ((77, 336), (104, 193)) ((104, 193), (209, 107)) ((209, 107), (377, 68)) ((377, 68), (833, 44)) ((833, 44), (1380, 69)) ((1380, 69), (1517, 110)) ((1517, 110), (1595, 159)) ((1595, 159), (1651, 303)) ((1651, 303), (1629, 385)) ((1629, 385), (1501, 439)) ((1501, 439), (1267, 454)) ((1267, 454), (1094, 407)) ((1094, 407), (937, 359)) ((937, 359), (799, 387)) ((799, 387), (592, 484)) ((592, 484), (486, 579)) ((486, 579), (495, 651)) ((495, 651), (591, 689)) ((591, 689), (759, 682)) ((759, 682), (964, 689)) ((964, 689), (1192, 613)) ((1192, 613), (1406, 535)) ((1406, 535), (1673, 519)) ((1673, 519), (1830, 646)) ((1830, 646), (1849, 739)) ((1849, 739), (1855, 867)) ((1855, 867), (1756, 954)) ((1756, 954), (1537, 989)) ((1537, 989), (1124, 964)) ((1124, 964), (772, 954)) ((772, 954), (475, 962)) ((475, 962), (251, 923)) ((251, 923), (120, 765)) ((281, 723), (229, 346)) ((229, 346), (252, 273)) ((252, 273), (324, 227)) ((324, 227), (447, 180)) ((447, 180), (718, 174)) ((718, 174), (894, 160)) ((894, 160), (1279, 199)) ((1279, 199), (1346, 260)) ((1346, 260), (1274, 283)) ((1274, 283), (978, 212)) ((978, 212), (790, 208)) ((790, 208), (561, 288)) ((561, 288), (450, 416)) ((450, 416), (336, 544)) ((336, 544), (345, 710)) ((345, 710), (462, 755)) ((462, 755), (634, 799)) ((634, 799), (1019, 783)) ((1019, 783), (1439, 661)) ((1439, 661), (1626, 667)) ((1626, 667), (1673, 754)) ((1673, 754), (1615, 828)) ((1615, 828), (1397, 854)) ((1397, 854), (635, 834)) ((635, 834), (393, 788)) ((393, 788), (281, 723)) 
gates: ((258, 558), (100, 569)) ((229, 344), (79, 339)) ((315, 232), (208, 107)) ((537, 176), (528, 61)) ((905, 158), (914, 47)) ((1281, 199), (1381, 70)) ((1347, 262), (1636, 342)) ((1330, 447), (1270, 282)) ((938, 348), (980, 213)) ((796, 388), (565, 287)) ((484, 576), (338, 547)) ((588, 689), (630, 797)) ((964, 691), (1015, 783)) ((1405, 537), (1436, 659)) ((1672, 518), (1626, 665)) ((1844, 863), (1672, 751)) ((1758, 952), (1613, 829)) ((1251, 968), (1241, 852)) ((809, 953), (799, 840)) ((246, 922), (389, 788)) ((258, 558), (100, 569)) 
start_location: (183, 655)
start_angle: 93.9603118304584

walls: ((860, 800), (1472, 767)) ((1472, 767), (1595, 720)) ((1595, 720), (1618, 579)) ((1618, 579), (1584, 355)) ((1584, 355), (1463, 261)) ((1463, 261), (1284, 303)) ((1284, 303), (1157, 427)) ((1157, 427), (1140, 564)) ((1140, 564), (1100, 668)) ((1100, 668), (955, 718)) ((955, 718), (792, 700)) ((792, 700), (720, 663)) ((720, 663), (604, 540)) ((604, 540), (573, 459)) ((573, 459), (535, 374)) ((535, 374), (420, 335)) ((420, 335), (297, 454)) ((297, 454), (287, 588)) ((287, 588), (309, 652)) ((309, 652), (351, 726)) ((351, 726), (422, 774)) ((422, 774), (663, 794)) ((663, 794), (860, 800)) ((408, 903), (811, 916)) ((811, 916), (1262, 909)) ((1262, 909), (1640, 904)) ((1640, 904), (1766, 814)) ((1766, 814), (1845, 693)) ((1845, 693), (1863, 517)) ((1863, 517), (1811, 317)) ((1811, 317), (1744, 193)) ((1744, 193), (1496, 105)) ((1496, 105), (1291, 123)) ((1291, 123), (1027, 230)) ((1027, 230), (968, 412)) ((968, 412), (922, 473)) ((922, 473), (802, 467)) ((802, 467), (729, 365)) ((729, 365), (643, 204)) ((643, 204), (408, 161)) ((408, 161), (182, 232)) ((182, 232), (43, 493)) ((43, 493), (44, 731)) ((44, 731), (224, 884)) ((224, 884), (408, 903)) 
gates: ((753, 796), (751, 912)) ((984, 793), (993, 913)) ((1207, 781), (1218, 907)) ((1470, 769), (1512, 903)) ((1591, 718), (1768, 813)) ((1620, 580), (1846, 685)) ((1584, 354), (1806, 313)) ((1465, 254), (1494, 104)) ((1280, 304), (1168, 176)) ((1156, 429), (983, 379)) ((953, 714), (890, 472)) ((600, 540), (802, 466)) ((541, 373), (671, 262)) ((424, 336), (411, 162)) ((367, 388), (185, 234)) ((290, 447), (85, 417)) ((281, 575), (45, 585)) ((308, 650), (150, 817)) ((420, 777), (383, 898)) ((592, 790), (574, 902)) ((753, 796), (751, 912)) 
start_location: (667, 859)
start_angle: 1.4320961841646465

walls: ((825, 615), (757, 691)) ((757, 691), (576, 725)) ((576, 725), (389, 686)) ((389, 686), (337, 529)) ((337, 529), (423, 429)) ((423, 429), (569, 424)) ((569, 424), (757, 474)) ((757, 474), (825, 615)) ((1106, 620), (1220, 458)) ((1220, 458), (1413, 430)) ((1413, 430), (1521, 438)) ((1521, 438), (1598, 516)) ((1598, 516), (1544, 655)) ((1544, 655), (1353, 702)) ((1353, 702), (1106, 620)) ((265, 360), (376, 266)) ((376, 266), (557, 275)) ((557, 275), (765, 349)) ((765, 349), (867, 387)) ((867, 387), (940, 523)) ((940, 523), (1100, 355)) ((1100, 355), (1276, 284)) ((1276, 284), (1499, 283)) ((1499, 283), (1742, 368)) ((1742, 368), (1818, 511)) ((1818, 511), (1741, 680)) ((1741, 680), (1570, 839)) ((1570, 839), (1378, 859)) ((1378, 859), (1164, 837)) ((1164, 837), (989, 713)) ((989, 713), (885, 848)) ((885, 848), (621, 909)) ((621, 909), (302, 835)) ((302, 835), (168, 555)) ((168, 555), (265, 360)) 
gates: ((576, 728), (616, 903)) ((392, 689), (302, 833)) ((339, 528), (167, 555)) ((422, 427), (262, 362)) ((544, 424), (544, 276)) ((695, 456), (779, 358)) ((801, 564), (910, 475)) ((1023, 728), (1113, 626)) ((1244, 841), (1265, 675)) ((1402, 852), (1377, 699)) ((1569, 838), (1490, 666)) ((1759, 640), (1574, 581)) ((1771, 425), (1580, 493)) ((1513, 288), (1491, 434)) ((1281, 285), (1320, 437)) ((1102, 357), (1214, 459)) ((1029, 433), (1140, 571)) ((767, 680), (903, 819)) ((576, 728), (616, 903)) 
start_location: (766, 782)
start_angle: -169.21570213243743

walls: ((533, 656), (458, 589)) ((458, 589), (463, 460)) ((463, 460), (574, 368)) ((574, 368), (1296, 369)) ((1296, 369), (1372, 457)) ((1372, 457), (1371, 564)) ((1371, 564), (1278, 658)) ((1278, 658), (533, 656)) ((471, 826), (281, 691)) ((281, 691), (276, 431)) ((276, 431), (479, 232)) ((479, 232), (1364, 229)) ((1364, 229), (1569, 402)) ((1569, 402), (1581, 584)) ((1581, 584), (1408, 811)) ((1408, 811), (471, 826)) 
gates: ((1004, 231), (1006, 364)) ((810, 230), (807, 365)) ((603, 235), (632, 366)) ((428, 280), (529, 398)) ((280, 427), (459, 457)) ((276, 527), (457, 537)) ((277, 657), (456, 583)) ((399, 776), (530, 653)) ((590, 823), (598, 657)) ((792, 821), (795, 655)) ((945, 817), (945, 654)) ((1111, 814), (1104, 661)) ((1232, 812), (1225, 659)) ((1410, 804), (1297, 640)) ((1520, 665), (1370, 566)) ((1577, 504), (1376, 512)) ((1473, 321), (1344, 421)) ((1361, 231), (1296, 373)) ((1227, 232), (1228, 363)) ((1124, 226), (1127, 368)) ((1004, 231), (1006, 364)) 
start_location: (1105, 308)
start_angle: -177.83308531681337

walls: ((1352, 193), (1210, 244)) ((1210, 244), (908, 257)) ((908, 257), (674, 224)) ((674, 224), (433, 269)) ((433, 269), (274, 413)) ((274, 413), (209, 522)) ((209, 522), (210, 716)) ((210, 716), (302, 779)) ((302, 779), (394, 679)) ((394, 679), (426, 485)) ((426, 485), (521, 345)) ((521, 345), (665, 312)) ((665, 312), (813, 338)) ((813, 338), (938, 396)) ((938, 396), (1026, 495)) ((1026, 495), (1217, 610)) ((1217, 610), (1446, 596)) ((1446, 596), (1581, 454)) ((1581, 454), (1572, 317)) ((1572, 317), (1511, 245)) ((1511, 245), (1352, 193)) ((1295, 63), (1144, 97)) ((1144, 97), (891, 96)) ((891, 96), (648, 76)) ((648, 76), (335, 150)) ((335, 150), (139, 288)) ((139, 288), (35, 462)) ((35, 462), (32, 701)) ((32, 701), (65, 870)) ((65, 870), (186, 942)) ((186, 942), (310, 968)) ((310, 968), (410, 930)) ((410, 930), (479, 866)) ((479, 866), (550, 746)) ((550, 746), (572, 638)) ((572, 638), (630, 559)) ((630, 559), (765, 569)) ((765, 569), (847, 655)) ((847, 655), (1182, 821)) ((1182, 821), (1476, 798)) ((1476, 798), (1701, 760)) ((1701, 760), (1820, 511)) ((1820, 511), (1795, 291)) ((1795, 291), (1733, 161)) ((1733, 161), (1558, 52)) ((1558, 52), (1295, 63)) 
gates: ((1544, 490), (1780, 589)) ((1575, 389), (1803, 383)) ((1539, 277), (1736, 163)) ((1468, 228), (1556, 51)) ((1351, 189), (1291, 63)) ((1209, 248), (1148, 97)) ((941, 255), (918, 93)) ((675, 222), (649, 75)) ((434, 268), (335, 151)) ((311, 381), (140, 287)) ((215, 517), (32, 458)) ((210, 636), (31, 701)) ((209, 716), (67, 867)) ((302, 778), (311, 958)) ((395, 680), (548, 748)) ((415, 549), (565, 633)) ((519, 344), (630, 557)) ((665, 310), (759, 565)) ((811, 337), (842, 649)) ((1022, 494), (1018, 731)) ((1214, 610), (1182, 813)) ((1450, 596), (1565, 779)) ((1544, 490), (1780, 589)) 
start_location: (1579, 661)
start_angle: 53.44752724790847


